$ANSIBLE_VAULT;1.1;AES256
33616232623936623739666439393331626434646562313661653130336566306239303137363466
3431343864376131303439333662663137666566373932360a356138623336626636633966386565
39363135663363306561656431313466653430666333353061333337363930643565386566376238
6539643334656232630a353536626364343932643738346261666131623838666463626662383437
31363137333533366636376463356637366365323435313666303039326563613662363532623833
64376461356263343031623363643632373032633732313437333839616562616164656261366332
31366464343430623737313066353562316532376464383531306362333636633666616637663366
65653734373534336435653038386635636436343665343961376530653337303663333561363965
33353432373763356430663161613237633261643963663665336263393034656334336564366464
37353166356635643737613863326636313136306232613261333830643230353565633534626239
34653061656433653535653939616565353335643530653764363965623964663130306461633034
34636563306564383666306438373063383533346264626637666363366537613763636363353765
34363338333363353433383566623661333862623931623437343930373132323037643239333166
31653363386166373564643630623232376366383837376430333430336638393532333035326638
31383534373166633635303034623237663137663235346439386639333939373837646337366262
66366231366166373664396334316235303861303333613434623832306263373539626131383232
30333766636235373934643461656232343765346333346561613466656130653863396335333937
61376432396134323131353261333333666463616534366235666432626335353463373663303661
62643632613834353465653838366337336238343031653464633337656662356531303165306563
35373232363339326362386538666334313065346165626132623632313731633436393830343238
34343739646363333534666139343338383235393162326135313664643432323138303938326335
3433323761616437313563643465636234366136356566643363
